1000Out.txt
QuickSort: 14ms
Randomized QuickSort: 14ms
Strassen's Algorithm: 28ms
Freivald's Algorithm: 13ms

Matrix Multiplied 
yes
653 595 667 866 607 685 643 580 680 706 802 664 709 834 643 564 643 562 727 816 780 822 623 821 683 740 786 633 588 685 647 790 
514 586 435 641 592 587 571 572 611 523 639 404 651 660 555 467 516 543 506 638 700 552 505 528 444 710 666 610 550 547 633 574 
658 686 622 807 712 684 611 623 770 664 825 517 746 803 633 630 685 573 671 776 801 707 589 742 526 859 740 637 684 679 662 794 
471 515 504 721 567 593 547 540 528 600 682 466 569 650 470 507 555 474 637 716 599 658 518 622 552 643 598 634 517 637 535 584 
569 518 524 683 618 577 564 545 589 526 666 571 589 615 427 545 644 530 598 631 632 642 591 662 496 680 676 475 567 569 540 721 
485 621 496 698 604 643 532 540 624 582 688 579 630 649 489 553 553 544 632 718 567 693 554 636 562 689 662 595 594 599 625 668 
598 621 590 768 739 685 640 527 625 663 673 533 663 754 550 668 603 573 755 825 746 717 659 805 553 753 745 690 579 756 551 628 
569 548 483 715 604 501 583 482 569 535 568 472 663 676 590 569 597 511 567 682 727 651 527 726 437 684 675 516 528 551 484 678 
470 572 537 774 565 673 722 534 681 577 736 543 751 747 564 597 601 574 641 685 700 722 589 735 417 789 748 652 637 644 565 717 
696 769 678 919 805 776 658 734 824 682 841 635 799 823 688 738 804 655 816 811 818 768 648 827 595 935 832 631 736 729 716 866 
666 634 491 861 671 583 622 636 594 629 746 584 778 757 579 633 696 516 754 846 742 773 506 779 608 811 818 621 674 659 672 835 
598 578 653 877 617 745 683 631 673 587 848 646 832 799 703 620 697 624 756 774 702 711 629 807 644 756 805 643 639 648 708 807 
589 684 524 883 742 667 560 669 676 642 764 599 619 706 640 656 695 606 729 811 698 754 623 774 603 797 810 533 632 653 642 757 
587 708 551 757 622 705 651 557 706 576 719 536 658 765 672 641 685 569 712 746 736 643 637 772 522 783 777 619 690 714 643 694 
602 662 652 846 779 692 598 531 717 688 773 586 741 784 672 631 672 557 848 873 842 737 620 748 586 794 787 665 617 661 618 714 
591 593 545 844 577 657 650 500 583 623 815 508 670 693 609 696 680 494 800 829 689 674 579 742 569 677 781 694 754 588 553 722 
486 650 569 877 709 720 636 700 686 664 828 569 775 802 615 708 657 565 728 819 688 800 503 829 504 874 780 730 643 694 605 755 
718 850 677 1108 883 880 852 760 794 804 1014 748 942 1041 909 831 903 700 938 1079 972 910 802 958 786 966 1030 926 804 923 848 941 
544 604 566 796 626 725 617 619 640 591 809 524 761 758 607 695 696 579 727 788 676 671 584 764 546 757 650 696 619 643 631 697 
569 548 527 787 637 595 556 515 532 542 703 499 735 638 605 543 572 454 750 698 658 609 536 645 543 681 681 567 556 634 642 626 
371 566 512 783 648 612 565 571 574 563 667 597 697 712 609 569 525 535 641 713 645 722 501 730 480 686 775 630 501 673 563 660 
519 523 496 755 651 664 646 593 572 579 705 461 756 729 551 552 559 576 651 812 685 583 530 744 517 756 737 644 536 633 617 616 
449 553 452 662 531 555 452 499 553 495 619 479 615 600 565 533 529 415 590 643 534 564 404 745 492 639 653 534 494 532 480 596 
456 642 580 639 622 626 570 543 653 514 726 532 709 660 559 575 563 499 606 653 598 556 542 624 452 700 604 645 600 590 626 618 
596 623 651 930 668 739 644 715 688 640 855 620 811 764 742 718 680 678 771 825 759 802 617 909 569 805 771 624 673 652 676 794 
436 456 412 611 421 502 483 457 486 393 648 472 568 588 521 450 470 459 504 576 558 500 484 579 401 596 621 494 465 510 575 501 
544 556 473 808 457 546 641 493 547 493 812 512 660 688 620 524 643 439 700 650 644 665 519 673 508 642 661 661 597 656 614 667 
606 635 637 779 607 622 725 602 720 583 808 555 790 797 644 583 750 523 685 696 815 676 608 745 500 826 750 687 709 658 646 799 
728 626 615 798 703 556 609 516 652 582 710 610 761 675 693 576 631 498 754 845 793 678 657 777 657 683 831 608 625 647 651 707 
532 454 489 713 427 526 533 548 575 444 755 517 516 633 486 488 529 468 683 650 580 637 543 695 490 594 694 477 597 655 585 680 
615 562 655 745 603 630 507 573 617 646 676 552 630 691 556 588 625 476 688 671 667 680 533 703 600 678 613 500 554 513 536 729 
544 523 585 623 536 539 602 519 614 447 625 550 620 626 518 555 634 468 674 704 627 586 583 670 500 584 733 587 651 664 531 0 

 Sorted List 1000
5
18
36
39
42
48
49
51
61
69
71
89
93
98
100
105
128
140
144
148
175
177
188
193
194
197
215
222
224
238
243
251
264
267
268
273
278
281
289
297
305
321
328
328
332
332
336
340
342
344
346
348
356
359
365
372
380
412
417
418
420
431
442
449
453
462
466
471
473
473
550
566
573
573
579
579
580
582
583
592
607
608
625
655
657
658
673
678
688
700
707
709
715
717
717
723
728
748
767
768
770
772
796
798
801
828
833
839
845
848
851
854
863
873
901
907
948
962
968
973
1009
1010
1018
1026
1030
1048
1059
1071
1079
1086
1100
1107
1116
1126
1134
1140
1157
1159
1159
1165
1189
1193
1195
1197
1200
1201
1204
1206
1214
1218
1236
1236
1265
1273
1298
1299
1303
1315
1331
1351
1353
1374
1378
1381
1383
1389
1391
1399
1415
1431
1432
1443
1446
1449
1468
1469
1469
1474
1477
1484
1496
1499
1505
1507
1520
1534
1563
1565
1575
1609
1629
1639
1664
1672
1698
1701
1717
1732
1734
1738
1771
1779
1799
1801
1809
1822
1825
1833
1853
1855
1884
1891
1899
1905
1921
1925
1934
1939
1958
1967
1980
1992
1992
1997
1999
2017
2045
2048
2051
2068
2092
2111
2118
2119
2128
2156
2166
2175
2183
2189
2204
2214
2231
2240
2264
2265
2268
2276
2277
2303
2314
2340
2340
2363
2363
2370
2370
2375
2376
2382
2393
2394
2402
2409
2413
2423
2433
2446
2451
2461
2476
2491
2494
2512
2520
2521
2529
2531
2547
2562
2566
2572
2589
2589
2599
2603
2626
2635
2637
2666
2677
2689
2697
2699
2706
2741
2748
2748
2749
2751
2775
2810
2812
2826
2827
2831
2834
2858
2875
2881
2905
2942
2950
2966
2968
2990
2992
2999
3000
3002
3016
3022
3027
3030
3052
3057
3067
3070
3084
3111
3115
3123
3133
3137
3138
3142
3155
3170
3171
3177
3192
3224
3241
3241
3254
3273
3274
3275
3281
3309
3313
3323
3341
3363
3369
3434
3444
3447
3448
3450
3457
3475
3475
3476
3499
3511
3555
3558
3568
3574
3591
3595
3603
3604
3607
3609
3614
3616
3616
3631
3641
3648
3656
3667
3685
3687
3703
3707
3712
3716
3716
3718
3722
3732
3756
3758
3759
3801
3803
3823
3833
3853
3855
3875
3886
3887
3896
3901
3901
3906
3916
3916
3916
3931
3940
3940
3953
3958
3959
3961
3980
3987
3990
4021
4027
4028
4056
4061
4070
4076
4081
4087
4087
4091
4097
4122
4125
4181
4189
4197
4208
4214
4222
4232
4263
4275
4292
4310
4327
4329
4356
4357
4361
4375
4399
4403
4422
4425
4434
4445
4446
4446
4464
4475
4483
4501
4502
4523
4528
4543
4545
4565
4580
4586
4602
4623
4666
4678
4681
4687
4693
4695
4704
4714
4719
4721
4723
4728
4729
4744
4753
4812
4814
4822
4851
4857
4857
4871
4880
4883
4893
4915
4917
4938
4945
4955
4969
4974
5013
5015
5016
5025
5041
5081
5086
5094
5095
5096
5097
5097
5119
5127
5127
5130
5136
5142
5156
5160
5165
5171
5178
5188
5189
5192
5195
5215
5217
5221
5240
5249
5280
5292
5323
5338
5343
5360
5368
5372
5388
5396
5398
5419
5442
5447
5451
5455
5459
5466
5477
5477
5481
5487
5502
5524
5530
5530
5536
5539
5550
5555
5561
5583
5606
5607
5618
5627
5629
5632
5638
5665
5701
5701
5719
5730
5731
5733
5747
5781
5785
5789
5798
5807
5831
5848
5850
5852
5864
5880
5887
5917
5922
5933
5934
5982
6001
6008
6048
6052
6087
6122
6122
6132
6136
6154
6158
6177
6188
6195
6203
6241
6249
6253
6263
6286
6296
6297
6299
6310
6329
6362
6365
6373
6383
6384
6394
6404
6410
6429
6431
6435
6438
6447
6490
6491
6494
6517
6518
6529
6541
6548
6550
6580
6583
6588
6590
6596
6635
6652
6653
6668
6679
6679
6724
6727
6737
6744
6748
6751
6755
6759
6778
6794
6807
6825
6844
6847
6849
6867
6881
6882
6893
6911
6920
6922
6925
6926
6956
6964
6979
6983
7018
7033
7042
7047
7048
7048
7050
7052
7067
7092
7094
7125
7131
7132
7135
7137
7145
7150
7165
7170
7178
7182
7189
7191
7199
7204
7205
7220
7224
7241
7246
7251
7255
7263
7272
7274
7275
7301
7313
7335
7335
7359
7359
7364
7371
7381
7386
7397
7400
7417
7433
7438
7443
7443
7459
7465
7466
7467
7478
7481
7531
7532
7534
7539
7564
7568
7572
7592
7592
7601
7606
7620
7629
7633
7634
7661
7664
7679
7679
7685
7693
7700
7702
7733
7735
7739
7739
7754
7772
7824
7825
7835
7842
7852
7867
7868
7897
7900
7906
7909
7911
7919
7951
7952
7958
7959
7965
7980
7983
7988
7990
7998
8037
8046
8069
8075
8087
8087
8088
8103
8105
8117
8120
8134
8136
8144
8170
8175
8181
8203
8210
8233
8236
8240
8251
8256
8261
8267
8271
8276
8280
8283
8285
8289
8293
8311
8313
8328
8348
8350
8364
8380
8382
8403
8409
8423
8428
8452
8453
8464
8465
8472
8477
8485
8485
8538
8550
8565
8567
8574
8575
8584
8589
8612
8613
8620
8628
8638
8642
8645
8647
8655
8664
8668
8694
8716
8719
8728
8736
8752
8753
8791
8792
8833
8838
8839
8841
8859
8864
8868
8883
8914
8924
8925
8956
8971
8989
8989
8992
9012
9026
9028
9056
9068
9070
9076
9085
9087
9088
9091
9092
9094
9102
9127
9134
9139
9147
9154
9161
9176
9186
9194
9200
9201
9210
9217
9228
9236
9239
9245
9246
9251
9289
9299
9303
9304
9304
9311
9323
9345
9348
9361
9364
9378
9380
9387
9392
9395
9402
9409
9410
9412
9412
9415
9436
9441
9454
9457
9478
9503
9511
9517
9559
9560
9640
9643
9666
9677
9678
9698
9705
9718
9736
9743
9767
9770
9772
9777
9793
9797
9804
9812
9812
9828
9836
9837
9849
9864
9902
9904
9914
9923
9930
9934
9942
9950
9951
9952
9957
9966
