451
379
791
817
550
743
30
909
56
776
461
375
565
238
176
444
373
571
281
661
241
569
498
142
113
50
864
872
954
670
582
214
462
557
676
53
198
801
34
172
933
513
618
848
813
421
831
572
600
946
358
183
999
635
212
8
538
443
189
847
900
716
852
182
528
995
124
513
226
20
158
614
609
26
915
615
360
567
559
851
759
697
280
122
272
255
550
912
125
968
291
217
145
863
704
906
954
949
254
648
936
241
532
506
392
34
96
89
771
987
988
724
697
423
695
270
81
8
349
642
457
289
193
269
149
261
346
366
709
316
68
638
933
910
408
107
324
775
178
578
772
16
483
819
108
263
746
147
91
527
894
414
877
232
931
964
60
596
899
535
925
862
205
115
299
843
402
848
17
896
515
104
153
619
331
5
186
341
997
536
62
46
777
984
319
582
385
56
13
320
930
934
131
512
637
865
506
308
146
475
591
852
369
335
862
446
305
372
401
981
797
80
278
843
567
546
92
938
289
993
150
342
703
620
450
327
457
985
351
547
646
303
629
622
656
506
342
148
997
559
496
114
17
198
543
622
294
1000
245
833
730
434
580
160
795
514
282
899
417
728
932
357
933
60
415
706
728
738
396
333
421
829
266
287
106
658
122
205
736
817
200
726
554
382
370
884
856
420
590
468
86
842
57
30
233
169
132
493
183
220
368
242
832
851
120
604
599
404
207
582
278
945
877
435
530
402
827
312
946
511
809
141
871
901
319
260
851
726
787
874
922
556
854
83
761
488
883
210
104
783
285
422
948
93
901
746
879
590
430
365
292
691
270
511
576
53
144
996
290
458
734
612
230
396
751
849
260
539
217
294
509
436
552
183
696
261
578
637
264
724
871
178
620
182
474
463
798
950
653
170
533
640
92
286
28
784
314
495
625
296
759
880
808
654
169
795
712
832
697
475
876
72
612
665
271
685
609
315
573
175
977
363
604
916
528
156
68
486
615
511
854
281
116
740
1
874
41
184
502
848
912
406
449
240
498
863
31
76
735
253
732
771
629
988
497
701
499
329
877
885
586
743
207
174
361
624
420
762
342
618
959
522
897
308
18
99
705
32
598
750
715
752
333
915
436
632
337
772
688
39
780
506
766
340
309
965
417
462
993
772