2197
2547
4527
3731
6205
5698
6562
4210
7342
2668
5783
7176
983
686
5173
5764
8784
9328
2300
4116
3177
4239
9243
4600
5854
8151
7369
7120
5007
6605
6929
6777
6874
382
3852
9337
5764
1092
6377
8979
247
4370
5626
248
8837
6228
6246
2474
85
8766
8366
1202
7825
8473
2068
1383
2947
5635
2751
9050
9368
9218
6566
654
2164
2368
2481
8963
7349
7120
3371
1995
4531
7421
8719
4289
1781
3420
217
6075
5937
3894
8663
944
3996
118
4134
5545
6886
5513
1092
5110
4690
3254
8719
7514
6194
798
862
4282
6835
3816
882
5577
1996
5209
285
6474
6373
7291
616
799
8725
832
2947
5796
4327
2200
8520
6452
8647
5199
2503
9267
8735
9634
1656
9101
8043
7895
4264
2402
8361
9249
8952
574
8768
8289
3638
4138
3652
6083
2165
7307
3384
8251
4296
7548
7833
3093
6294
1885
3257
3446
3277
7776
7430
2193
5225
2677
3067
221
2992
633
9386
6302
8448
3519
4476
5082
3950
7370
7573
2468
7800
2780
5150
3836
2355
2168
1250
7559
3131
6255
7579
5415
578
2511
6524
5093
9336
5372
3244
6335
916
7500
8630
3341
571
1866
9379
884
8512
6408
9586
7333
4495
6792
3113
7727
2877
4665
7706
9179
7879
6514
745
1676
5253
1511
1911
5682
1393
1649
8540
4611
5353
8893
9221
6406
9541
7425
109
8060
8140
8909
1537
4131
386
8638
1050
3579
3105
9677
2240
9975
113
902
837
6077
9433
3582
5647
7459
3386
5375
9602
240
4654
2712
2049
3547
9693
1090
3196
5860
5607
7995
9718
3347
9154
8713
6229
5188
5284
986
7950
5503
4590
9526
469
2779
4012
4361
2861
5697
8416
3089
1899
9664
4709
2118
3363
4082
4995
3632
3157
73
766
9630
2851
8568
9263
445
3354
1693
4595
5814
4802
2855
5233
9789
2396
5817
1073
1860
2896
9131
9925
1891
9585
3081
2844
3353
5074
539
1575
2485
4463
4203
9345
4214
1600
2242
3418
9681
453
488
2853
2140
6434
4764
4401
1039
340
1930
7324
2344
9675
7034
301
5255
70
1737
2912
7172
9014
3645
1868
2141
8289
921
1734
6113
1336
722
2843
3072
1182
7290
6837
4481
9925
4888
4557
808
8800
2680
5079
4745
3289
9040
8026
1220
1087
1951
8543
1411
6888
2941
7046
8669
2887
8221
2868
8474
594
706
8358
8500
8286
2877
7631
2642
9041
7752
1307
5630
2088
5178
5254
600
9292
2045
8176
5751
8944
5457
9581
3596
3630
1071
4492
585
9301
9005
1104
7872
9395
574
8134
7689
6361
5896
5142
5919
8955
3366
300
1446
5161
6804
7981
4675
9520
3817
3892
1548
1557
5500
3986
8677
9046
1122
8594
8991
2656
546
9295
8847
3920
8717
6848
2013
2387
1555
4031
3011
8364
2450
6337
9534
2126
1231
8871
9936
9404
2221
2062
6492
360
2697
902
8873
9741
5152
5408
7641
5852
9330
2262
5127
6213
8438
6751
6773
4523
779
4164
9325
8426
8540
6449
7270
5994
2780
1518
6456
9883
986
6311
2056
1438
2707
6139
4855
9555
112
7371
7337
9393
2144
5528
997
7317
2851
798
9130
2518
2664
9835
1974
9574
8537
2013
1569
3650
7364
7214
9481
3600
2446
6431
5413
6462
7589
6187
1113
9539
4740
1426
4469
347
9096
3947
3189
4112
6789
3434
7050
5395
6464
5190
9183
8988
5566
4492
5343
1197
9711
3931
3461
2712
8496
2713
5404
855
3552
2199
8904
9504
7065
6887
555
5395
7222
5417
3385
3866
1816
1285
7509
2817
5776
2050
4994
1851
1493
2379
9051
7765
341
9487
814
3683
5601
9073
4323
1005
2467
3261
7515
7967
8140
7852
8395
9851
1375
2963
5525
8560
7801
9952
4073
5793
7029
3316
2836
4134
1863
6621
3729
5753
4505
9634
3901
4662
1205
2701
8520
6864
889
8243
6080
1549
5666
9823
3164
65
7123
1073
1954
7514
6422
2745
2218
4077
6879
5575
7948
1979
5391
2807
698
8325
8070
8131
8526
15
3058
9143
8711
5119
475
9666
5242
7449
5686
2978
3743
2
2196
4125
3220
9845
8425
2478
1275
937
4736
9271
1663
639
9084
1795
3466
8208
2021
4327
3015
4540
7402
6860
3570
8681
2582
4710
9798
384
3970
9721
1481
4737
8677
6188
392
1943
7305
2009
7541
2220
5262
1813
1757
5539
6869
5683
3328
4559
3174
6209
2059
4763
8820
9759
8118
5436
3805
551
1183
4061
2089
3392
2847
1554
7001
8143
930
4026
5534
8459
5398
3483
616
8157
1563
2894
9635
1338
9375
7099
5253
5882
7568
9497
8585
90
3141
5085
6864
8707
5316
9412
597
5754
8103
6525
6590
7604
4868
7598
2676
930
5751
892
6373
775
9365
1090
2938
6211
7685
3403
9915
9699
2184
4414
3078
1767
9937
2162
3831
5334
4172
2961
137
3322
2886
4242
3154
1098
8377
6107
2961
356
5788
3572
7117
3586
6317
5517
1984
8373
2858
4212
9148
1448
6035
202
7018
8933
1468
9794
2310
6288
9377
8838
2392
6770
8691
2566
3216
6780
6109
4868
8102
7850
4723
3959
7058
7269
9912
4412
5936
6386
2682
7052
5030
3911
9797
7790
2440
3846
5304
4523
9976
6969
8953
3989
2674
2290
4447
2432
2889
1874
6513
8675
4483
4871
7714
2683
7744
2582
5667
3637
7014
4084
9640
6717
7015
50
2121
7640
9196
1815
6339
6275
7830
9940
7598
9846
2967
4170
4742
6604
3902
4483
3168
9993
6107
1624
847
9984
3723
6467
6837
1096
2796
2074
2825
2974
6305
8799
3004
6493
5271
3223
9056
3599
7245
1627
3290
4640
6089
721
3248
1137
9145
159
3375
8911
1647
2976
6976
7146
2455
7748
9585
9604
2136
285
1363
5963
2305
1612
6912
4740
7193
3860
7924
1887
5338
6242
4800
7194
5302
813
3431
285
6448
1256
3414
7779
1302
2030
4071
7500
6753
1098
2122
7518
3689
2488
8832
8601
5391
5535
8036
2024
8204
257
8048
2445
8176
5743
3893
2130
496
6473
1830
2087
2520
8029
2557
8773
7267
5483
3847
4227
5746
5402
824
5666
9683
1805
3243
1360
4694
7886
7817
8858
2298
8928
9699
9498
1216
5174
6635
325
209
9916
8156
8628
2096
3560
7278
22
7183
7455
1962
7686
2532
8380
5776
7998
5453
4959
9408
8894
663
4600
9073
4656
3076
8272
3775
7185
2188
4188
3241
5007
3283
7754
5022
8887
9183
7909
9278
5255
7675
8464
9773
206
717
206
4620
6896
5077
4386
9061
2889
3303
4738
2721
3955
2972
7090
1378
7109
1673
471
1511
5733
1489
2014
1714
4193
1960
3026
4595
8782
6008
3380
7071
3761
8533
2515
7243
8281
2589
7807
7237
2510
403
7736
9504
3294
1521
548
6208
516
3991
8923
1169
1718
7210
1751
7204
223
1161
8180
8998
2656
1168
6713
3047
7264
3651
2120
6670
7587
4213
2004
1536
596
7967
257
8198
9293
1986
4796
6969
7163
217
2971
2464
6349
7917
4016
8829
7845
3218
8507
7843
8629
5713
4752
628
7576
1602
3626
5257
5847
6286
2874
4925
9549
9670
7019
1025
8792
2090
6205
349
9607
818
7966
4945
7791
5875
9668
1459
6981
6168
2656
8460
9599
7350
9973
8507
5709
4605
5632
865
8919
4128
7488
5544
5495
9897
7492
4138
5417
5854
6220
9414
2844
8997
7679
4161
9428
4509
9050
2336
680
176
9997
751
5951
9834
7009
7449
8440
858
7097
2844
6245
1125
7642
2068
1745
4957
6401
7651
3087
3538
681
9680
6193
1742
3483
4322
5762
6583
8261
2764
2624
4132
8345
3215
4207
1905
5678
6658
536
7651
8060
1197
5775
9309
6223
5173
6288
8207
6668
7795
2986
6290
6757
6224
6668
4472
16
7640
4696
9639
8589
3452
6091
3299
9941
7853
3103
9979
2378
198
852
6589
9118
2448
7400
2863
8000
2573
312
79
8977
4871
3331
883
1359
4612
9033
6077
9462
8779
5771
1639
2082
1673
4815
1549
4190
571
3151
5681
7804
3376
5047
9534
2405
2597
2010
8497
4530
7385
9527
4694
2965
6321
8397
7745
139
4692
2810
4286
6037
3344
3457
5502
2499
4271
9842
7558
9205
3080
8551
2132
4913
9451
7912
289
2798
3216
8300
4734
3331
9260
2051
588
2996
4883
584
1707
5782
1273
9217
8473
2346
3383
2713
4155
832
7418
3946
9377
1487
9366
8675
1179
742
6022
5437
2211
1559
4047
4368
6757
6467
3381
5013
8376
2673
7112
8753
6040
5692
1625
5343
5917
1036
7679
6835
7797
6690
8702
5518
9735
9522
3404
5411
938
478
4061
5944
2789
392
2537
4744
3209
8748
494
1346
3989
3754
3144
2977
1733
171
4987
9251
1670
6402
1637
6013
2537
4193
4336
3658
3177
9863
9804
3627
1722
9555
7871
3197
6928
9154
2734
4129
4710
1152
6193
1337
587
7880
1792
6097
5270
8802
3571
4916
9880
834
4149
6112
6522
6847
3701
1050
6715
8897
458
7276
1313
4692
3903
2984
3181
454
8955
8028
249
1312
2154
9985
2120
3636
2941
8543
1133
6147
4734
3369
1376
3694
840
6261
7438
5966
4439
8827
5956
3261
8685
965
4705
9476
8114
9128
5799
801
8204
683
2654
8684
5305
3326
6039
2098
1133
3240
3962
8921
5429
9848
4962
5952
403
9092
8671
2625
6878
2985
6762
6911
1854
6157
9687
2142
1536
9454
5516
184
843
5727
5087
4688
1371
7760
8843
6051
1429
9125
2861
6094
4962
7385
6280
6042
6716
5268
4678
5965
9025
5568
4164
6087
161
6122
6889
2445
6863
5787
4407
4609
133
8183
9624
5099
7207
9433
1209
8056
1031
2412
9121
5840
21
4725
3103
7023
9312
7601
2734
2645
874
2580
6363
703
6207
3790
9328
8716
9570
3031
6688
204
5952
782
3065
3991
735
2496
7241
3648
9573
6986
7658
1436
3714
4650
5506
3835
5207
2000
5578
7250
3146
2992
9437
7009
5256
3347
2961
8630
4395
6292
6899
7672
6188
6912
1769
9772
2330
642
3109
7701
4460
4066
6406
720
5201
4812
2534
1053
6626
6851
2840
4147
6559
1235
2310
4799
5110
6918
4715
697
6883
6766
3571
7270
1673
6880
6297
9701
9571
3119
6807
9340
3738
9182
152
4308
7410
1355
7710
6209
802
1165
4916
7609
4634
4827
1730
5278
4203
1632
529
6233
8221
4034
4549
4080
4070
6466
8017
4046
290
2186
9470
2119
6604
7925
5459
2622
357
2527
8109
9590
7005
8074
9209
5169
7398
5585
2133
136
7562
638
1870
5195
5703
1510
8859
1955
7072
7789
5057
1649
324
777
1431
3081
6493
9967
2772
7084
8531
7421
5532
6301
3534
1248
5469
9269
7046
1270
934
9903
8769
6677
7996
2905
6179
631
8648
1673
4940
9438
9044
7122
960
1378
2187
2081
726
1404
6570
3119
3541
4857
5631
7073
8228
8463
7080
5470
240
7574
6274
317
7660
7243
5043
3166
5568
1056
2960
7515
5036
3050
1049
3719
4466
4694
49
862
8367
7764
8748
1081
9311
5888
7310
9453
1914
723
7944
6452
1694
5826
6207
5594
6713
1246
2439
5119
3624
6072
4921
5384
3238
9061
2076
3729
1274
2521
6285
3568
4502
6525
369
1570
2364
4211
3570
3941
3441
9748
8454
8749
1369
7101
4188
7147
208
1942
3775
7021
1569
5329
3522
5545
3571
635
7468
7638
6345
9587
1097
9357
2912
3393
7765
6994
6896
2021
7018
886
4061
1856
1958
8715
3520
9997
963
1002
5267
9771
319
187
5796
9656
4825
6296
5838
484
5490
4679
3629
4597
4302
4899
8300
110
1940
5625
3203
5849
7160
1685
6735
3418
983
7484
8084
7412
292
8893
3408
1244
2146
4470
985
668
8750
8018
7214
3796
3399
940
1092
5931
4827
7379
3257
1953
5314
1688
4489
8594
2516
7397
3210
7741
8474
2676
917
7050
3197
8739
1962
6291
7817
8170
5947
7102
9399
3028
4898
5730
8930
9723
1569
3217
3144
1268
9602
2135
3381
8369
4372
9238
4922
5230
1270
3862
6592
738
965
9945
7437
2248
6167
1207
212
8810
9885
6426
4242
225
1359
5737
8511
434
499
5803
3397
9123
2662
751
5585
2611
1192
7925
1696
2324
4547
934
9480
6389
943
2425
7827
5574
8832
7849
465
6137
2717
6008
3669
4345
1112
6131
8650
4112
4286
8632
6293
1477
5819
2684
8693
6033
6767
5213
4603
3813
6459
4269
4163
8907
8442
6643
5077
8025
7184
4764
8080
6334
7895
5195
8503
1071
1489
7300
3729
5207
2603
8991
3843
6558
8855
8059
7626
4235
7185
9239
2214
511
6919
6983
6537
5388
5483
3108
7856
8818
3846
4194
921
7020
7589
9857
119
9979
507
8798
6805
3882
5336
895
6050
5138
17
1434
7953
3150
6103
1744
3513
5142
3503
275
3556
4943
9450
4757
2939
5905
2539
7544
440
852
6268
4708
9058
8501
9238
4591
6940
8666
9100
8469
1647
2099
4684
2035
3530
6743
579
5910
8075
1471
1489
6988
1354
6971
6468
2194
6314
9661
152
1650
6002
7415
7809
9034
9222
6677
5480
1903
9033
2314
5336
3804
5383
4306
8372
7754
2870
3606
3357
4626
1362
8707
7311
5441
1721
211
7397
3840
2144
9325
8206
8086
7418
3932
8150
4178
3207
3669
7868
7234
8884
3251
5771
389
2129
5872
4573
5536
3663
136
1146
5026
9494
5006
7959
5626
9295
7315
3496
9498
7429
99
1903
6034
9588
8272
8603
8918
2031
7931
3966
1926
4277
6607
9346
3769
4969
5063
1832
2482
5836
6298
5797
5309
2389
4493
6639
5112
8422
2760
5066
7930
4567
9227
7015
1884
5007
9777
8033
8768
197
5711
3106
8847
5044
8441
5424
3762
7439
1385
3728
283
6960
4053
9974
6906
765
9167
1760
2140
6886
4623
7556
2899
2024
4773
8836
4574
7303
5399
5053
7373
3276
1085
1660
2427
6322
7479
5514
5449
9267
1916
6422
7673
9010
8024
3849
5276
2949
1450
6579
8782
4367
3081
4618
8545
731
7849
9105
6696
3077
3436
9994
3770
3638
658
4214
8474
6506
6132
2012
835
2128
2572
3091
2126
8260
1847
9486
9695
6352
1314
2481
6676
565
7181
2287
9055
4826
2842
9912
6935
735
7147
1190
5295
2268
3514
3632
1796
8356
2541
5217
6702
9655
4374
9879
8221
7475
8662
8282
8088
9601
2221
1552
4197
6687
5892
141
1852
6301
8996
7553
9790
5262
2441
2058
1412
6936
4258
8175
6722
6510
8348
7650
1171
4195
7919
2537
3390
8964
7384
4724
6570
8718
6358
1940
5038
9620
8864
5698
8595
5162
4440
253
2186
1567
1488
5479
6891
5933
9005
4856
703
7548
6942
233
5883
2126
5556
902
6861
1536
8109
2423
6568
7715
9596
2500
6313
432
727
1188
7517
2783
4151
4972
7033
5014
5810
9404
5432
6085
4402
6490
5391
1666
5603
321
7520
8100
3245
1657
9199
3251
5686
4164
3754
9753
8640
3080
8976
9650
5559
6790
9694
8787
9674
9469
6370
1463
8364
7347
7401
4398
7549
7092
2040
3708
2271
3229
4827
770
8640
2599
9318
4535
4167
8013
898
9482
2994
8859
9127
9061
393
8886
7087
9310
182
7462
3424
9952
1759
1758
2842
3681
3406
190
1116
4685
5614
5150
1655
3807
5005
9944
4210
2213
9194
7978
5199
2877
1381
4198
8131
4836
6977
3597
8112
4699
6058
6633
8467
2489
5119
7412
8363
4801
487
4649
1687
7966
4425
9821
9598
6875
3448
1519
4811
9478
5807
9058
6647
3725
7059
610
855
4260
1234
9958
626
128
2866
8639
363
2955
1009
1608
4323
2400
6243
1936
2396
9152
4741
6930
3
4892
6086
9679
4194
469
5073
2756
5811
2936
2143
1894
6830
1335
3794
6272
2830
9334
1544
224
9600
8404
1165
7329
3531
7880
7666
9306
387
9729
3480
6827
6842
5123
6537
4870
4666
3900
6305
5037
1804
7431
9465
3412
2562
5832
1259
8235
8627
7972
707
7939
9702
6627
9647
3478
3528
7784
2977
7457
4496
9588
8375
360
160
892
392
4798
4352
6115
4043
7096
150
8312
1969
2618
2107
9161
5002
8955
1825
2375
8407
6429
6291
2904
105
5282
4295
9310
8566
8325
5165
9151
5694
3075
883
6993
9716
5339
747
3477
1473
7570
6224
5207
9096
6025
8101
4263
2881
4384
2898
3498
4188
5876
9518
6210
175
6766
3335
6163
7302
4914
6169
9750
2752
9268
6283
3568
3378
9264
25
9489
1340
8539
3834
2973
7367
1115
6453
7243
9923
705
899
1426
1721
1946
7464
3826
5130
8443
4000
2947
2882
827
9403
6630
3241
7830
3067
649
4608
9870
8903
2654
5134
8295
9916
8696
7906
5474
6873
7512
7790
141
2252
478
5677
5472
6766
46
9980
4711
1854
2374
7851
2155
7421
3129
1423
1821
4567
2453
8398
8912
9047
593
9202
9009
3586
5684
304
5113
3254
2769
3980
7212
6243
1166
6981
2532
2588
8987
972
1399
3288
3026
3154
6771
7381
7426
7104
8794
5761
4445
742
2720
1735
6198
5607
3384
7762
2940
4500
1242
1085
7408
2833
4633
1959
5777
7130
8299
746
5802
3380
4531
5212
3807
519
1100
3499
6977
4221
7987
5767
9918
2527
2464
2498
1846
5184
9029
9015
1694
1706
782
6326
7831
2273
3132
2105
1023
864
8686
8740
7972
3785
8573
22
3227
6667
9874
8963
326
6489
8675
4860
2520
4653
6595
3206
1269
4666
528
4855
6999
1934
9514
6261
1327
609
1702
222
9863
1352
8630
5951
7600
5580
6309
9937
3045
9290
1301
2372
3028
1313
2889
5573
3804
25
5788
819
9377
9373
1940
8711
6516
3675
1736
7356
4611
8243
8601
2119
9463
9012
1312
2685
7220
7444
3384
590
1496
2517
9546
6524
4568
8162
3459
9106
4574
6842
7168
2408
1241
1688
5607
3541
569
8517
2070
9472
9758
7134
8060
8399
944
3891
7098
3490
6994
1162
1345
2740
488
1589
4119
5335
3148
6658
1027
1825
3267
562
4755
4167
9557
2444
1655
9734
3933
7185
9196
9580
9883
3398
1335
6093
1871
5051
875
1429
2157
4174
5005
3683
614
692
9866
3415
8544
2085
9500
1887
7366
267
5336
9793
4177
5516
1356
9215
4587
7806
327
5601
4052
4676
5083
3092
5823
3548
8238
3369
3473
937
2784
4781
8720
3590
1057
2516
4056
9542
4205
4604
433
3243
1595
960
8909
6848
4753
968
3217
9391
3649
3920
990
4358
6774
3960
7907
3054
9757
5945
7298
5132
3080
5639
2541
173
4429
5681
9419
3923
8616
6787
4133
3897
511
7051
9702
3605
7637
8609
4611
7800
615
2152
2409
5509
1203
6546
6620
1469
7248
3806
2448
7058
7992
7143
6693
2160
7592
121
6355
363
2062
6451
6489
1345
2853
7226
8853
2005
4865
7203
2045
3702
3217
2983
1024
1933
2353
4855
6673
5810
6172
437
2176
6169
5697
7096
2065
1482
4037
2882
404
7591
4077
2794
6006
3529
7532
4738
8695
6217
7997
4105
7230
2133
5905
8752
6084
7411
1163
2896
8728
368
9910
1411
3733
8961
470
9917
8020
7361
3099
2096
815
5525
9285
2910
5736
3444
1096
358
967
140
1039
5487
8097
726
743
9128
5409
1631
6875
995
4368
9827
8843
2753
9968
7583
4116
185
3415
5457
5818
2022
9675
767
1479
1680
7935
6955
7762
2761
2612
1348
5665
2445
3769
1036
4742
114
2517
8299
7214
744
225
6298
9766
7998
1038
255
4738
3335
8479
1312
3056
6473
6165
8105
8449
7941
6750
999
3926
8950
5037
1696
1061
3395
239
288
882
8061
1538
3563
1668
1498
894
5849
8048
5992
7930
9793
5108
4271
7710
2393
5643
2616
211
2328
5341
5936
9748
2184
1156
7185
2044
1012
6268
6804
2558
2795
2829
1966
4168
3135
9787
4722
5460
6533
2339
9601
5065
9583
5067
1941
2717
4897
1169
3576
2833
5924
2385
1893
5337
6022
2138
5759
1665
228
3014
4098
2974
9148
5982
4053
9331
9385
8451
65
3358
3429
3238
138
322
6741
5648
6547
4785
4338
3225
3096
8568
6111
3149
7472
5055
2010
8282
9217
4624
9412
5142
5144
5195
4491
8415
4353
4461
7129
4939
5514
2768
494
5033
9604
92
7600
2969
9144
3255
6339
7136
6332
6557
6281
2812
6548
3284
5265
2983
6786
1701
1500
6668
1638
7158
9078
6000
4228
19
1667
548
9378
8577
2750
609
488
7978
6209
560
3194
17
7114
407
1130
9237
3214
8942
9669
6214
1660
4967
4520
3794
6098
7817
6584
3716
9957
1763
6621
9288
2278
9631
1598
8828
2463
8092
3532
2304
6856
5715
2072
7142
3838
2390
8514
1769
8788
3823
2647
7982
6126
6857
6197
9372
5009
6582
8390
7789
865
8957
5553
5447
7035
6645
2867
2013
5378
2165
2581
3926
4344
7471
5748
8941
7262
7412
5533
2638
6837
9555
6406
8190
39
3652
2401
4635
2000
1946
6825
5466
6601
7764
8241
4377
221
3854
1263
9887
6103
3006
3215
3575
6496
9664
3654
9278
4727
1462
7562
8682
1966
9995
1279
842
5821
6820
9480
5248
209
7389
6029
3854
5640
4422
9685
2818
1301
9580
320
3365
1231
8913
903
2512
7438
1019
8528
264
6757
2196
9554
8261
6666
9639
3377
8621
1369
2255
4286
3203
9219
3505
6911
2304
1161
1823
9132
92
4383
6854
977
828
5624
5386
3437
4566
6840
1238
3719
3942
4731
7024
9571
8542
6575
7805
1993
1923
3836
5810
9094
9213
7214
3083
7493
5503
6528
7589
7961
3635
8479
1213
2468
5066
1131
8707
3043
6048
9044
3317
8280
631
8245
3948
5477
7276
1194
5169
1430
3648
9665
9565
2128
8925
897
7128
6242
2786
9151
4031
495
6907
7762
5224
6685
1535
2250
3414
2505
6597
6789
2822
4306
481
3756
157
331
9801
145
6687
4539
2886
8993
5906
2696
3904
5003
788
6409
3850
8041
5219
9232
3992
8997
1780
8987
4673
5023
9861
9094
4585
5193
5683
6519
4904
4784
4587
22
9129
3681
6455
4309
3893
3737
2106
518
4953
7693
5111
1926
368
5075
4798
134
8606
4885
9009
2988
5782
8199
8626
3154
7649
5466
4021
672
8566
2527
9682
1280
26
4898
6802
8609
5444
5194
6734
9613
1423
9537
945
1012
9930
9351
6548
3786
4819
9015
1489
3844
8083
2115
3569
3457
1041
4047
3793
3355
3501
3973
6558
26
4006
966
1404
1346
8289
8470
2138
1002
8549
6395
9496
2212
3715
7381
3610
3642
1716
1838
484
2765
8845
4499
5518
8312
4217
9787
8012
5009
5921
9871
3815
5722
9438
6969
4650
2783
9610
7425
944
7214
6824
6968
1828
1393
3175
9846
5938
5012
8814
3762
8823
2890
7857
502
4609
1607
8853
1905
3074
6340
7158
1467
6783
7816
3432
9462
9395
9452
1726
5679
3266
5338
4246
5433
6218
9637
3109
9930
3464
2471
5940
6990
8823
5664
1377
1591
6469
6460
3703
3175
1969
8711
2090
9731
2946
5138
2748
388
9505
9588
9315
4558
5887
232
9568
5281
6856
8750
8805
6047
6008
7577
9127
2792
2872
8620
240
8593
8458
5592
6207
8066
7736
7955
5767
7554
1603
3322
4615
8644
1622
7658
180
4264
4319
7498
2667
1954
2540
1970
5558
8341
9161
3368
4849
4551
5268
4767
999
1279
9894
9768
7127
7288
9447
3821
422
1359
9873
5004
4431
6609
7475
3954
1987
577
8058
3849
3770
7105
3545
2969
5493
9963
7475
1693
9378
4921
7178
8586
5903
1162
1466
5925
3879
2955
5012
4561
2061
866
660
6942
3809
4919
1377
6298
7438
448
3765
298
1801
6550
7411
8806
4688
5202
3084
7887
5535
8747
6563
8654
6200
7496
3258
5097
4915
8100
2608
3366
9397
729
9697
6572
1686
9475
485
8831
4108
5462
5242
7473
7188
7571
1279
2662
6634
5665
4829
2204
9257
7159
1009
6194
9628
8718
5618
6015
7239
5043
2057
7901
6875
9798
204
9923
3237
3166
2430
4794
8100
9584
1687
5994
6646
1133
95
1572
1020
7796
1793
5083
4102
2176
5753
7332
9528
6396
3011
6314
7556
8916
9619
9906
771
6091
5770
9276
721
8472
9202
265
3743
5756
8639
9490
6877
1948
8957
8796
2443
9382
3027
1930
2678
3402
5967
707
8686
3523
6154
4712
4902
7331
6952
1625
3506
3101
9339
6943
9842
3017
1356
1005
9122
264
3669
6359
6795
4684
9934
9951
1183
3726
1549
1278
6385
664
4156
4008
1412
7112
8121
3029
7607
202
6138
1283
5933
5940
9901
4354
1843
6695
711
6698
7485
4269
1251
9570
1966
4964
2885
2922
1665
6156
8714
6250
8183
2333
1801
2011
6391
2711
6153
55
8267
8945
2587
6744
4184
8217
1096
1749
4910
1508
487
4773
8207
2816
6706
4031
9920
4373
4355
5151
4776
7332
3589
5868
6516
2708
6010
1266
7439
9479
3786
2703
7068
3396
4697
6690
7874
3060
1964
759
3405
5530
632
8173
5339
5323
1018
9760
8138
3577
4796
992
1518
4186
7621
3801
4629
4930
685
7307
3097
7112
2894
4719
2391
2528
3118
4133
3394
9512
1495
9917
7271
2632
4303
6368
3723
2664
8912
6327
7741
9950
2896
1096
5809
1640
7902
9815
2684
5665
8606
9366
9451
7234
4539
6343
1431
3050
7749
2710
9508
5002
2940
2154
6849
5397
2054
6809
6029
3335
3777
5311
8068
3710
1068
6058
4454
9487
8159
8261
3154
428
3260
8439
5052
3003
2753
7023
8636
7775
4113
2144
3577
9331
5863
1551
4020
4539
8846
9119
7977
1884
3739
8809
4741
3825
1600
998
8952
8088
306
3356
8465
4381
9749
4235
1074
7104
7856
2385
4526
4822
5422
7386
3697
3197
7335
6172
4081
1148
9357
5009
5582
9398
3508
8285
7008
6940
1313
7801
9348
1667
7956
4346
5899
4006
3406
1197
2613
3418
5110
7735
7355
2353
9560
8177
9921
8763
1716
2107
3130
8961
4726
9223
2317
2517
6567
5557
2326
3056
1412
9992
3912
8349
5887
7048
963
1053
4366
4042
3017
8090
512
5735
5460
9618
9997
8024
1999
592
6499
5577
4534
2233
308
284
8021
7542
8186
3187
1015
4606
5873
9360
5716
9504
7366
5199
8630
4943
7237
9493
3282
8782
5795
5084
5612
5043
8925
5195
8979
4695
3790
5038
8295
8810
5169
6656
6789
1830
3574
2781
3262
209
8697
3455
5608
107
4867
4627
1226
7259
5699
9906
8132
1831
5585
4062
6510
4198
2732
4586
756
8297
914
2840
1852
1673
7237
2612
8366
9195
3436
5070
7762
6053
7323
285
7193
2387
3724
5669
1937
9197
2087
4782
1812
3467
8012
3515
2500
9768
938
8967
5647
3330
102
1916
5361
2530
1498
6570
2754
2988
2555
2369
8075
9839
2538
1495
6309
4334
7233
3118
1237
1465
4462
5514
905
2877
2224
9131
2506
1292
1208
4571
7271
6311
2743
7955
7828
8048
7471
115
2694
3481
5468
298
1012
2133
5350
2891
1415
4115
6509
4050
1640
8747
4468
2453
3606
3947
2639
2227
6441
476
1576
2994
4576
4540
5101
5106
8691
5374
8894
5873
6092
9298
118
7464
2326
9406
4000
3521
5015
5349
4617
282
2248
9037
859
7633
1601
1062
4652
2285
2084
2890
2893
3539
8408
6012
8961
6656
2007
2440
33
4017
8879
7893
7085
6107
3106
1403
3485
1751
7352
8385
1587
4946
418
861
2105
8045
2421
349
8869
9496
1071
4566
1655
4303
7063
2465
7830
9858
8400
9675
5064
1672
1369
3239
2324
7388
8049
5548
3008
6176
5684
1384
4102
4614
2315
3442
1429
6696
3094
6087
6228
5288
2971
2942
7680
2459
2022
9932
361
622
1078
9768
2878
8273
5125
1139
5010
4621
9989
5004
7748
3294
6794
7635
2848
8145
3224
7360
3131
1250
2854
8770
4893
4772
1187
4484
8983
9713
3168
4847
3733
157
4241
3451
4913
484
1673
7671
7290
1118
7174
4687
7999
1137
6259
9674
8293
3370
9853
8572
5863
6080
8144
5558
4140
4966
6559
3403
3105
2657
9681
6463
4686
8087
7154
2604
3187
4928
4875
5511
5798
5626
8539
4141
6473
8723
9041
878
7019
5278
122
7304
5924
521
3131
5393
3620
9290
8420
9957
8484
989
2662
3975
1725
6765
5342
506
4792
5389
3530
9300
3953
7163
6372
2898
8222
3103
7474
5325
328
1755
8341
9673
2984
3535
1407
9359
2561
9216
1572
9632
4479
2741
3394
7297
6565
6928
8514
3474
5367
4464
1016
8334
4939
4405
1247
364
204
7690
4923
1130
48
2666
6983
5622
771
4645
6351
234
4777
5275
8833
9830
1824
3950
6386
5697
8935
1271
4018
6827
5760
7343
1346
2341
8266
3030
7720
20
8057
566
6483
4562
8270
4599
4508
3631
3479
3830
4382
9877
1998
2529
5029
3319
382
6331
6698
148
3517
8587
2087
4910
3715
8204
1389
7430
5635
3969
475
7169
4955
9303
2316
9009
4182
7555
6538
9995
187
3740
4980
3995
289
1211
9859
5968
8652
3464
4482
7433
7662
1218
7862
7094
7885
4475
9013
4690
1323
7938
5141
8128
7755
8343
7628
2863
3661
6646
4643
3331
7793
584
6702
8409
1823
7260
4008
3512
5174
7797
5228
9870
5420
3608
3111
4406
2051
3843
6754
6184
7249
9572
991
1215
9763
8008
4154
5645
1017
8620
6017
1021
4038
2834
9858
5683
575
2406
6879
5536
8164
7064
2678
4005
6138
5537
5665
8560
8586
7543
2631
4884
4927
7934
9337
4436
3198
1644
341
5597
2233
4094
9904
6081
2486
8872
1466
8793
5258
6449
8136
1680
5651
9202
2525
762
9648
6254
6898
9699
3610
2804
6589
4104
7615
2669
3182
6844
3265
2629
6304
1411
1549
2348
8979
7268
9650
1172
5360
4684
156
3329
1108
4433
5446
6029
1022
9181
4640
9165
9037
3420
4954
6549
6235
3320
8311
9866
544
2053
5429
1781
2744
7868
2537
7114
5017
6145
6244
784
2067
2848
2999
1708
8995
3881
3840
5449
1070
4687
6366
1752
7698
8971
1667
4027
34
6889
70
3952
4541
4610
8736
8844
6373
187
8126
9682
3791
9328
3860
1338
7088
5312
7742
2991
1281
6181
2040
2663
6865
6582
7281
6671
6967
1000
8081
4866
1144
4295
5563
1778
8376
4218
8338
294
3028
1869
5146
8307
3676
7360
3366