2807
977
4641
6934
9208
8353
3643
3585
3075
1142
1475
301
8480
421
2980
8089
7647
7013
6688
3238
765
9659
8620
3279
333
8883
1643
4621
3223
4440
1706
1574
450
534
7464
8813
2028
1062
6654
6197
7816
5549
6210
2180
4263
3275
4870
4128
4615
7030
8077
3160
1837
8710
7215
8690
8584
5083
5353
3409
9769
1674
3458
2284
8522
7181
7074
2230
6563
8720
6899
5917
9651
4924
2600
4947
1605
8753
9695
1575
5208
3148
5079
8586
4220
368
8191
1136
4833
3430
456
2497
5962
8234
6587
7638
7669
1170
3102
8637
8335
8399
8146
4042
1690
422
1943
6595
553
901
1553
2754
2222
4656
1638
3642
8738
2833
6075
4367
5921
1358
4180
8224
6755
3429
1248
9012
5265
9303
6344
4614
2742
9325
7480
7877
9316
1694
3077
7925
6079
8815
4048
5603
9691
609
8813
6722
5476
1200
7326
6484
4587
1191
3543
2128
8712
6501
5758
8209
3867
612
2887
8093
5
9737
7173
8914
6489
4670
3288
4882
9064
9007
6022
9056
8089
2322
1558
564
2370
4918
2348
6865
6700
1330
162
2263
9675
9282
6146
8418
3042
7426
1647
5674
6351
8544
6986
1323
2048
2589
2087
9936
5634
6904
9405
5881
472
427
7846
6506
762
3563
6731
6548
1010
4224
6804
4994
3884
6350
1281
5649
3439
2188
5193
1310
6694
2853
3909
7862
8461
9902
9750
5685
602
3075
3739
4702
5029
324
1266
7572
873
6148
1944
4130
720
1066
4725
242
2660
3897
3175
2144
6423
8742
2694
5022
5943
1520
437
8020
6018
5040
7259
1460
2513
4018
7178
7834
4559
982
7017
1923
3871
6582
7084
1513
7507
8681
8935
8137
1138
9814
463
2195
7226
734
4584
4044
2855
4321
3639
4518
6286
4788
7499
8305
6119
1889
6183
7816
7917
9076
2746
6711
2994
1586
6248
5128
5245
7933
1242
5248
2080
4106
1426
9227
122
1201
1916
5486
3315
5150
9305
5952
1748
2468
1782
5522
4404
5488
3136
9910
7128
1580
7051
819
5308
9135
9077
7960
5761
7317
4266
543
6305
3856
6373
5960
4666
2447
260
9157
6847
372
3510
1430
3355
6689
7498
3525
4468
1417
2677
4814
5648
7026
3990
2977
5981
7841
9875
7025
2036
9458
4804
7644
5772
1557
9941
3337
6073
6482
4980
7881
6105
547
1630
8838
9158
6349
4304
7035
8928
623
6245
326
1716
9984
2474
7413
1215
518
1159
8653
6559
4008
1980
1974
7932
7667
7042
9591
6571
7482
8347
8999
5503
6627
8276
9032
1187
6268
6487
8981
5532
2646
5263
450
3878
9319
730
9304
708
295
5539
7384
7739
3694
7109
2771
514
3068
6604
3637
4281
17
8388
5445
5627
4937
9358
4868
5448
6206
5677
4796
4880
6254
487
7918
4003
6125
8650
3951
287
4462
118
1337
1036
3860
3334
6583
8923
7364
811
6316
4602
8434
7093
2486
6002
9636
8312
570
9096
5320
9261
5343
8646
6303
8967
4309
6368
1181
1533
7935
8153
9363
9534
5511
3934
6450
4082
407
1914
37
6218
4426
1285
1443
9912
4467
9315
8802
4424
7676
4949
1522
2391
578
2957
7671
9384
1574
8047
3086
8990
5994
2841
9510
8288
542
6526
6711
7758
2900
6856
2325
938
7712
5190
5860
8449
1208
7447
7591
7799
1528
6697
273
9985
671
595
919
1204
8944
8544
1762
2854
6187
8201
6518
2596
5730
937
7973
7476
3001
2985
3648
1408
1439
2530
9467
4934
5257
8460
3119
4170
2322
5834
4845
149
1285
6599
9826
569
3921
7359
3250
9245
2872
8830
2174
7880
5239
3864
8013
4522
3270
9024
7616
2806
1957
1965
1128
1448
8480
2405
6286
5877
4052
1767
9662
8541
5414
4454
244
9068
2719
5292
1979
6473
4744
8890
3649
6277
5167
7987
9931
8897
2599
9194
1927
5978
9440
4907
3152
6373
4983
3208
6900
2678
8826
9375
145
9877
6748
216
8951
3514
2594
5332
5675
8245
4377
4508
131
7984
3678
5782
1983
867
9064
9445
8641
9575
6518
6652
2316
943
9502
4665
2229
6293
2291
9047
6339
8151
3257
1420
9211
9530
1027
8839
8033
5857
5625
276
2052
1248
9653
8025
6119
7085
8313
6660
410
6895
2347
2948
2708
620
5999
9628
5134
5564
5269
773
4322
8887
8921
2087
6225
9036
1080
1970
8110
3915
15
3053
6254
9854
3738
8660
6264
2340
7735
5300
6264
2799
1092
5508
9059
6321
6107
9429
7196
4480
4683
1836
6654
4587
3654
3488
3934
5035
2638
7490
6654
5194
361
5206
2238
6845
8408
8004
7962
1854
9667
3771
6377
850
7516
1188
8344
5855
519
8421
7684
1099
1416
1231
9755
1959
4342
1143
6510
791
4548
8713
4845
4237
1799
7746
8155
8274
2913
7927
185
61
5148
1713
3916
5499
6139
9976
8756
3762
8638
3421
875
5203
2824
5386
3107
4500
1636
7475
9794
731
2028
6227
1734
1699
505
6959
1900
8212
2631
8595
8400
1874
4850
3940
9121
5235
6216
8281
2082
3112
6885
1495
3317
9261
2070
6559
6539
1776
2173
888
7975
8766
8543
6332
5363
6210
5179
8173
1675
5994
9936
8390
5337
3156
3153
4565
5347
4623
5364
3951
3012
7675
7300
7025
7769
4387
991
5588
8136
9360
3852
5148
8496
5209
502
6669
7500
9066
9165
9642
5804
1117
1738
416
3313
3041
8877
14
6889
6400
425
1522
6813
2579
1831
4132
3919
6797
1618
6099
7141
6080
6873
7915
4169
557
7014
4622
17
5137
6069
9037
1086
2550
6516
8790
6266
5945
2211
103
9140
3440
7037
253
689
6217
6237
6669
3048
1337
3156
8793
4995
1700
6295
4226
4007
6866
3508
2158
3452
96
6316
5840
5993
8848
4628
6094
4195
137
8357
7397
2517
2656
8546
5005
9015
9788
2508
3071
2702
7782
4176
1846
9213
1907
2068
717
7558
6690
9296
7411
3962
3834
8152
9306
6980
3602
9569
4093
7187
7871
6438
6063
8851
3851
3602
7281
9970
6446
718
9366
7888
3650
7430